[[ 5.000000e+02  5.000000e+03  2.555299e-01 ... -3.330974e-61
  -7.808124e-05 -8.276253e-05]
 [ 5.000000e+02  5.000000e+03  1.648733e-01 ...  1.053094e-60
  -6.322039e-05 -6.657663e-05]
 [ 5.000000e+02  5.000000e+03  7.290792e-02 ... -1.003902e-61
  -7.727310e-05 -8.170511e-05]
 ...
 [ 5.000000e+02  2.500000e+04  1.994951e-02 ... -1.188288e-61
  -1.718183e-05 -1.824419e-05]
 [ 5.000000e+02  2.500000e+04  7.320035e-02 ...  5.726892e-62
  -1.466398e-05 -1.548385e-05]
 [ 5.000000e+02  2.500000e+04  7.002673e-01 ...  5.711000e-61
  -1.977812e-05 -2.118258e-05]]
62712
(468, 134)
(468, 7)
(468, 127)
GC cleaned!
Training Features Shape: (351, 7)
Training Labels Shape: (351, 127)
Testing Features Shape: (117, 7)
Testing Labels Shape: (117, 127)
